1.000000000000000000e+00 -9.884511499999999425e-05 1.361707450000000097e-01 1.276685820230453183e-01 1.196745488962776688e-01 6.518136880451624871e-02
-9.884511499999999425e-05 1.000000000000000000e+00 -4.400251889999999793e-04 1.361719934095331763e-01 1.276697530155102289e-01 2.127666787005256036e-02
1.361707450000000097e-01 -4.400251889999999793e-04 1.000000000000000000e+00 -4.400256257491897446e-04 1.361719839084933326e-01 2.269797038574643266e-02
1.276685820230453183e-01 1.361719934095331763e-01 -4.400256257491897446e-04 1.000000000000000000e+00 -4.400246361758575588e-04 2.420961496802328042e-02
1.196745488962776688e-01 1.276697530155102289e-01 1.361719839084933326e-01 -4.400246361758575588e-04 1.000000000000000000e+00 -9.883276981880334013e-05
6.518136880451624871e-02 2.127666787005256036e-02 2.269797038574643266e-02 2.420961496802328042e-02 -9.883276981880334013e-05 1.000000000000000000e+00
